8.3478 
8.36955 
6.17565 
4.8333 
8.16165 
9.0987 
8.6535 
8.6503 
7.70875 
7.4873 
8.65395 
7.56655 
5.97865 
7.85325 
7.74725 
8.15215 
6.83055 
8.74045 
9.0389 
8.5208 
8.5149 
8.1784 
7.60095 
8.4175 
2.9375 
9.50135 
7.8251 
9.3351 
8.50175 
8.04115 
5.53755 
8.25 
7.97095 
9.21735 
8.2948 
9.2269 
8.15665 
9.12585 
9.20785 
8.20785 
8.197 
8.8256 
9.0516 
7.4732 
8.76125 
9.3342 
7.52985 
9.09375 
3.4248 
8.91345 
8.4932 
8.4995 
6.7694 
8.4144 
8.6408 
8.67115 
8.2255 
7.4429 
6.93565 
3.05025 
8.96555 
