MDL16CS001  8.1956  8.5000  8.3478 
MDL16CS002  8.7391  8.0000  8.36955 
MDL16CS004  5.9347  6.4166  6.17565 
MDL16CS005  5.0000  4.6666  4.8333 
MDL16CS006  8.2608  8.0625  8.16165 
MDL16CS007  9.2391  8.9583  9.0987 
MDL16CS013  8.8695  8.4375  8.6535 
MDL16CS015  8.7173  8.5833  8.6503 
MDL16CS017  8.5217  6.8958  7.70875 
MDL16CS019  7.8913  7.0833  7.4873 
MDL16CS020  8.3913  8.9166  8.65395 
MDL16CS022  7.6956  7.4375  7.56655 
MDL16CS024  5.4782  6.4791  5.97865 
MDL16CS025  8.4565  7.2500  7.85325 
MDL16CS026  7.8695  7.6250  7.74725 
MDL16CS027  8.8043  7.5000  8.15215 
MDL16CS031  7.8695  5.7916  6.83055 
MDL16CS032  9.0434  8.4375  8.74045 
MDL16CS034  9.3695  8.7083  9.0389 
MDL16CS038  8.5000  8.5416  8.5208 
MDL16CS039  8.7173  8.3125  8.5149 
MDL16CS040  8.0652  8.2916  8.1784 
MDL16CS041  7.8478  7.3541  7.60095 
MDL16CS048  8.5434  8.2916  8.4175 
MDL16CS049  3.0000  2.8750  2.9375 
MDL16CS050  9.5652  9.4375  9.50135 
MDL16CS054  8.1086  7.5416  7.8251 
MDL16CS056  9.0869  9.5833  9.3351 
MDL16CS058  9.0869  7.9166  8.50175 
MDL16CS060  7.9782  8.1041  8.04115 
MDL16CS061  7.3043  3.7708  5.53755 
MDL16CS063  8.5000  8.0000  8.25 
MDL16CS067  8.1086  7.8333  7.97095 
MDL16CS071  9.4347  9.0000  9.21735 
MDL16CS072  8.6521  7.9375  8.2948 
MDL16CS073  9.3913  9.0625  9.2269 
MDL16CS077  8.5217  7.7916  8.15665 
MDL16CS078  9.5434  8.7083  9.12585 
MDL16CS079  9.4782  8.9375  9.20785 
MDL16CS082  8.4782  7.9375  8.20785 
MDL16CS083  8.9565  7.4375  8.197 
MDL16CS086  9.1304  8.5208  8.8256 
MDL16CS088  9.4782  8.6250  9.0516 
MDL16CS090  8.2173  6.7291  7.4732 
MDL16CS091  9.0434  8.4791  8.76125 
MDL16CS093  9.5434  9.1250  9.3342 
MDL16CS094  6.9347  8.1250  7.52985 
MDL16CS095  9.5000  8.6875  9.09375 
MDL16CS098  3.8913  2.9583  3.4248 
MDL16CS099  9.3478  8.4791  8.91345 
MDL16CS101  8.6739  8.3125  8.4932 
MDL16CS103  8.4782  8.5208  8.4995 
MDL16CS104  5.9347  7.6041  6.7694 
MDL16CS105  8.3913  8.4375  8.4144 
MDL16CS107  8.7608  8.5208  8.6408 
MDL16CS111  8.7173  8.6250  8.67115 
MDL16CS115  8.3260  8.1250  8.2255 
MDL16CS116  7.2608  7.6250  7.4429 
MDL16CS120  5.9130  7.9583  6.93565 
MDL16CS121  2.4130  3.6875  3.05025 
MDL16CS123  9.3478  8.5833  8.96555 
