MDL16CS001 40 28 24 25.5 21 21 10 9 10 32 32 21 9 9 40 21 30 10
MDL16CS002 40 32 24 27 24 24 10 10 10 32 28 21 9 9 32 24 27 10
MDL16CS004 32 0 25.5 27 24 0 9 9 10 24 0 18 8.5 9 32 25.5 27 10
MDL16CS005 28 0 21 21 18 0 9 9 9 20 0 0 8.5 9 24 21 21 8.5
MDL16CS006 36 28 25.5 25.5 24 24 9 8 10 32 28 24 8.5 9 34.0 24 24 10
MDL16CS007 40 34.0 30 30 25.5 24 9 10 10 34.0 32 24 9 9 40 27 30 10
MDL16CS013 40 36 24 24 24 27 10 9 10 32 28 24 10 9 40 24 25.5 10
MDL16CS015 40 34.0 24 30 25.5 18 10 9 10 36 28 21 9 8 40 24 30 10
MDL16CS017 34.0 28 30 25.5 24 25.5 10 9 10 28 0 21 10 9 32 25.5 30 10
MDL16CS019 34.0 28 21 24 25.5 21 9 9 10 28 24 18 8.5 8.5 32 21 21 9
MDL16CS020 32 34.0 27 30 24 18 10 9 9 32 32 24 9 10 40 27 30 10
MDL16CS022 32 32 24 24 21 18 9 7 10 24 24 21 8.5 9 32 24 27 9
MDL16CS024 28 24 0 24 24 0 9 8.5 8.5 28 0 24 9 9 28 25.5 24 8
MDL16CS025 36 32 30 21 24 24 10 9 8.5 34.0 0 24 10 10 36 30 21 9
MDL16CS026 36 28 24 18 24 21 10 10 10 32 28 21 10 8.5 24 25.5 24 10
MDL16CS027 40 36 27 25.5 21 24 10 9 10 28 28 18 9 9 28 25.5 25.5 9
MDL16CS031 36 32 24 24 21 18 9 8 9 20 0 18 8.5 8.5 32 21 21 10
MDL16CS032 36 36 30 30 24 24 10 8 10 32 32 24 9 8 36 27 25.5 9
MDL16CS034 40 34.0 30 30 27 25.5 10 9 10 28 40 18 10 9 40 24 30 10
MDL16CS038 34.0 32 21 27 27 25.5 10 9 10 34.0 28 25.5 10 9 36 25.5 27 10
MDL16CS039 40 28 30 27 25.5 21 9 10 10 32 28 24 9 8.5 34.0 25.5 30 8.5
MDL16CS040 34.0 24 27 25.5 24 21 10 10 10 28 28 21 10 9 36 27 30 10
MDL16CS041 40 24 24 24 24 18 8.5 8 10 24 28 21 8.5 8.5 28 25.5 24 9
MDL16CS048 36 28 30 25.5 24 24 10 9 10 32 28 24 10 8 36 25.5 25.5 10
MDL16CS049 0 0 25.5 0 21 0 7 7 8.5 20 0 0 8.5 8 0 25.5 0 7
MDL16CS050 40 36 30 30 24 30 10 10 10 40 32 25.5 10 9 40 30 30 10
MDL16CS054 32 28 25.5 25.5 24 24 9 8.5 10 28 28 24 9 8 24 27 24 9
MDL16CS056 40 34.0 24 30 24 27 10 10 10 40 36 27 10 10 40 27 30 10
MDL16CS058 36 32 25.5 30 25.5 30 10 10 10 32 28 24 9 8 32 27 21 9
MDL16CS060 32 28 25.5 27 18 24 10 9 10 32 28 24 9 8 34.0 24 25.5 10
MDL16CS061 32 24 24 18 21 21 10 9 9 28 0 18 8.5 8 0 21 0 7
MDL16CS063 36 32 25.5 27 24 21 10 10 10 32 32 18 9 9 34.0 24 24 10
MDL16CS067 36 32 21 25.5 24 18 10 10 10 32 24 21 10 8.5 34.0 25.5 24 9
MDL16CS071 40 36 27 30 27 27 10 10 10 34.0 34.0 25.5 10 10 40 25.5 27 10
MDL16CS072 36 36 25.5 24 25.5 24 10 9 9 34.0 28 21 10 10 34.0 24 21 8.5
MDL16CS073 36 36 27 30 30 27 10 10 10 34.0 32 27 10 9 40 25.5 30 10
MDL16CS077 34.0 32 27 30 24 21 10 9 9 32 28 21 8.5 8.5 32 24 24 9
MDL16CS078 40 40 30 30 24 25.5 10 10 10 34.0 32 24 10 9 36 24 30 10
MDL16CS079 40 40 30 30 24 24 10 10 10 32 34.0 24 10 9 40 25.5 30 10
MDL16CS082 34.0 32 27 30 21 21 10 10 10 28 24 21 10 9 36 27 25.5 10
MDL16CS083 36 32 30 30 25.5 24 10 8.5 10 28 28 18 9 9 24 25.5 27 10
MDL16CS086 36 36 30 30 24 24 10 10 10 32 28 24 9 9 40 27 25.5 10
MDL16CS088 40 34.0 30 30 27 27 10 10 10 32 28 24 10 9 40 24 30 10
MDL16CS090 32 32 27 27 21 21 10 9 10 28 0 18 10 8.5 36 25.5 25.5 10
MDL16CS091 40 34.0 25.5 30 24 25.5 10 9 10 32 28 24 10 8.5 40 25.5 25.5 10
MDL16CS093 40 40 30 30 24 25.5 10 10 10 40 28 25.5 10 8.5 40 27 30 10
MDL16CS094 34.0 34.0 0 25.5 18 18 10 10 10 28 28 24 10 8.5 40 25.5 21 10
MDL16CS095 40 36 27 30 25.5 30 10 10 10 40 28 18 10 8.5 40 24 30 10
MDL16CS098 28 20 0 0 18 0 8.5 8 7 0 0 0 9 8 24 24 0 6
MDL16CS099 40 40 30 24 24 27 10 10 10 36 28 24 10 9 34.0 25.5 27 10
MDL16CS101 40 32 27 18 25.5 27 10 10 10 28 28 24 10 8.5 40 24 27 10
MDL16CS103 36 34.0 27 18 24 27 10 9 10 34.0 28 24 10 8.5 36 24 30 10
MDL16CS104 36 24 24 0 24 0 10 8.5 10 28 28 18 8.5 8 34.0 24 24 10
MDL16CS105 36 32 27 21 24 24 9 10 10 36 32 24 10 9 32 25.5 24 10
MDL16CS107 40 34.0 27 21 25.5 24 10 10 10 36 32 24 9 8.5 34.0 24 27 10
MDL16CS111 36 32 30 24 25.5 24 10 10 9 32 28 25.5 10 8.5 36 27 30 10
MDL16CS115 34.0 34.0 27 21 24 24 9 8.5 10 34.0 28 21 10 8.5 34.0 25.5 24 10
MDL16CS116 28 24 27 18 21 21 9 10 9 28 28 18 9 8 32 24 27 9
MDL16CS120 32 0 21 18 21 18 9 8 9 32 32 21 9 8 32 21 27 9
MDL16CS121 0 0 27 0 0 0 10 8.5 10 20 0 0 9 8 0 25.5 18 8
MDL16CS123 40 40 25.5 24 25.5 30 10 10 10 36 32 24 9 8.5 34.0 27 25.5 10
